W= [[ 0.5  1.  -1.  -1.   0.5 -1.   1.  -0.5  0.5  0.5 -0.5  1. ]
 [ 0.5  1.  -1.  -0.5  1.   0.5 -0.5 -0.5  1.   0.5 -1.   1. ]
 [ 0.5 -1.  -0.5 -0.5 -1.  -0.5  1.  -1.   1.  -1.  -0.5 -1. ]
 [ 0.5 -0.5 -1.  -0.5 -0.5 -1.   0.5 -0.5  1.  -1.   1.   0.5]
 [ 1.  -0.5 -0.5 -1.   0.5 -0.5  1.  -0.5 -0.5  1.   1.  -1. ]
 [ 0.5  0.5 -0.5 -0.5  1.  -1.   1.  -1.   0.5  1.  -1.  -1. ]]
b= [6.75  6.75  7.125 6.375 6.75  7.125]
l1= [9.  9.  9.5 8.5 9.  9.5]
max residual 0.71875 at x= [ 1.  1. -1. -1.  1. -1.  1. -1.  1.  1. -1.  1.]
kernel output 0.75 expected 1.46875 abs err 0.71875
{"max_residual": 0.71875, "kernel_abs_err_at_best": 0.71875}
